147 5437 4970 107 5417 4911 -36 5411 4894 -146 5426 4936 -112 5445 4994 37 5451 5011
309 5442 4985 220 5399 4863 -73 5386 4828 -301 5418 4915 -238 5459 5036 80 5470 5071
477 5447 4999 331 5380 4811 -108 5358 4756 -457 5410 4892 -238 5459 5036 127 5487 5130
647 5451 5011 436 5358 4757 -142 5328 4683 -608 5401 4867 -519 7532 7335 176 5502 5186
824 5454 5021 541 5335 4699 -174 5294 4603 -762 5390 4838 905 6328 5668 230 5515 5241
992 5456 5028 636 5310 4641 -204 5260 4525 -903 5379 4809 1195 5091 4176 285 5526 5292
1164 5458 5034 729 5284 4580 -233 5222 4443 -1044 5367 4778 1120 5131 4254 285 5526 5292
1341 5460 5038 820 5255 4515 -260 5180 4356 -1184 5353 4744 1041 5168 4331 172 7548 7396
1517 5460 5040 907 5224 4447 -287 5136 4265 -1184 5353 4744 960 5203 4403 -294 6185 5417
1690 5460 5040 990 5191 4377 -311 5089 4172 -838 7353 6962 876 5235 4472 -372 4947 3904
1865 5460 5039 1070 5155 4304 -335 5038 4075 1425 6585 6274 788 5265 4538 -350 5004 4009
2046 5458 5035 1070 5155 4304 -359 4982 3969 2150 5457 5032 694 5294 4604 -326 5058 4113
2223 5457 5029 567 7348 6880 -381 4922 3860 1972 5459 5037 597 5321 4665 -301 5109 4211
2392 5454 5021 -1176 6662 6510 -381 4922 3860 1801 5460 5040 500 5344 4722 -276 5154 4301
2558 5451 5012 -1973 5540 5366 -242 7046 6426 1631 5460 5041 400 5366 4776 -251 5195 4387
2558 5451 5012 -1777 5536 5344 352 6869 6800 1452 5460 5040 290 5387 4830 -222 5236 4474
1024 7326 7059 -1590 5532 5321 782 5556 5581 1275 5459 5037 177 5406 4882 -192 5274 4557
-1163 6633 6152 -1414 5527 5296 692 5556 5544 1104 5458 5032 63 5423 4929 -162 5307 4634
-1782 5273 4556 -1241 5521 5269 607 5555 5504 931 5456 5026 -58 5439 4975 -130 5339 4710
-1656 5294 4602 -1069 5515 5239 526 5552 5461 753 5453 5017 -189 5454 5020 -94 5369 4784
-1527 5312 4645 -904 5507 5207 451 5547 5416 578 5449 5006 -324 5467 5063 -57 5397 4856
-1400 5329 4684 -752 5499 5174 385 5540 5371 412 5445 4994 -459 5479 5102 -20 5421 4922
-1272 5344 4720 -609 5490 5141 324 5533 5325 251 5441 4980 -597 5489 5138 19 5442 4984
-1133 5358 4756 -464 5479 5103 265 5522 5274 84 5435 4963 -747 5499 5173 62 5462 5047
-993 5371 4790 -326 5467 5063 210 5511 5221 -78 5429 4945 -902 5507 5207 108 5480 5107
-852 5383 4820 -196 5455 5023 159 5497 5167 -235 5422 4925 -1060 5514 5237 155 5496 5163
-705 5394 4849 -68 5440 4979 110 5481 5110 -392 5413 4902 -1227 5521 5267 207 5510 5218
-550 5404 4877 58 5424 4931 63 5463 5048 -550 5404 4877 -1406 5527 5295 264 5522 5273
-399 5413 4901 172 5407 4884 21 5443 4988 -698 5395 4850 -1582 5532 5319 321 5532 5322
-244 5421 4923 284 5388 4833 -19 5421 4923 -844 5384 4822 -1767 5536 5343 384 5540 5370
-83 5428 4944 393 5367 4780 -58 5396 4856 -988 5372 4791 -1960 5539 5364 452 5547 5416
77 5435 4962 495 5345 4725 -93 5370 4787 -1127 5359 4758 -2154 5542 5383 523 5552 5460
245 5440 4979 597 5321 4666 -128 5340 4713 -1266 5344 4722 -2361 5545 5401 603 5555 5502
415 5445 4994 694 5294 4604 -162 5308 4635 -1402 5328 4684 -2574 5547 5417 690 5556 5543
582 5449 5006 784 5267 4541 -192 5274 4558 -1530 5312 4644 -2574 5547 5417 781 5556 5581
748 5453 5017 870 5237 4477 -221 5238 4478 -1652 5294 4603 -1125 7130 7004 878 5554 5615
927 5456 5026 958 5204 4405 -250 5197 4390 -1780 5274 4557 706 6784 6234 992 5551 5651
1094 5458 5032 1037 5170 4335 -275 5155 4304 -1895 5253 4512 1192 5155 4250 1107 5546 5682
1269 5459 5037 1115 5133 4260 -301 5109 4212 -2011 5231 4462 1122 5130 4253 1107 5546 5682
1445 5460 5040 1191 5093 4181 -325 5060 4115 -2123 5206 4410 1044 5167 4329 349 7260 7216
1619 5460 5041 1263 5051 4099 -349 5007 4015 -2123 5206 4410 963 5202 4401 -248 6572 5907
1797 5460 5040 1334 5005 4012 -371 4950 3909 -1295 6913 6435 877 5235 4471 -372 4947 3905
1970 5459 5037 1401 4957 3923 -392 4889 3800 1112 6884 6591 790 5265 4537 -350 5004 4009
2148 5457 5032 1401 4957 3923 -413 4823 3683 2122 5533 5117 697 5293 4602 -326 5058 4111
2321 5455 5025 883 6855 6246 -433 4752 3563 1975 5459 5037 602 5319 4662 -302 5107 4208
2496 5452 5016 -870 6965 6792 -433 4752 3563 1798 5460 5040 502 5344 4721 -276 5154 4301
2661 5449 5005 -1947 5591 5420 -266 6900 6234 1627 5460 5041 401 5366 4776 -250 5196 4388
2661 5449 5005 -1773 5536 5343 325 6931 6850 1448 5460 5040 292 5387 4830 -222 5237 4475
1347 7100 6825 -1587 5532 5320 774 5603 5630 1272 5459 5037 179 5406 4881 -192 5274 4557
-972 6874 6436 -1404 5527 5294 688 5556 5542 1094 5458 5032 60 5424 4930 -161 5309 4637
-1763 5357 4653 -1237 5521 5268 606 5555 5504 926 5456 5026 -57 5439 4975 -129 5339 4710
-1659 5293 4601 -1069 5515 5239 527 5552 5462 753 5453 5017 -184 5453 5019 -95 5369 4783
-1533 5311 4643 -908 5507 5208 454 5547 5418 582 5449 5006 -316 5467 5061 -59 5396 4853
-1401 5328 4684 -751 5499 5174 385 5541 5371 410 5445 4994 -456 5479 5101 -20 5421 4922
-1272 5343 4720 -606 5490 5140 324 5533 5325 248 5440 4980 -594 5489 5137 19 5442 4984
-1133 5358 4756 -460 5479 5102 264 5522 5273 80 5435 4963 -746 5499 5173 63 5462 5048
-993 5371 4789 -323 5467 5063 209 5511 5221 -82 5428 4944 -901 5507 5206 108 5480 5107
-853 5383 4820 -194 5454 5022 159 5497 5167 -237 5421 4924 -1057 5514 5237 155 5496 5163
-704 5394 4849 -65 5440 4977 110 5481 5109 -397 5413 4901 -1227 5521 5267 208 5510 5219
-554 5404 4876 57 5424 4932 64 5463 5050 -549 5404 4877 -1399 5527 5294 262 5522 5271
-398 5413 4901 176 5406 4882 21 5443 4987 -702 5394 4849 -1582 5532 5320 322 5532 5323
-246 5421 4923 285 5388 4833 -19 5421 4924 -845 5384 4821 -1762 5536 5342 383 5540 5370
-87 5428 4943 393 5367 4780 -57 5397 4857 -989 5372 4791 -1953 5539 5364 451 5547 5416
77 5435 4962 498 5345 4724 -94 5370 4786 -1130 5358 4757 -2153 5542 5383 524 5552 5460
242 5440 4979 597 5321 4665 -128 5341 4713 -1267 5344 4722 -2356 5545 5401 603 5555 5502
411 5445 4994 694 5294 4604 -161 5309 4637 -1402 5328 4684 -2567 5547 5417 689 5556 5543
576 5449 5006 783 5267 4542 -191 5275 4560 -1528 5312 4645 -2567 5547 5417 779 5556 5579
749 5453 5017 873 5237 4475 -221 5238 4477 -1656 5294 4602 -1542 6769 6668 880 5554 5616
919 5455 5025 956 5205 4406 -249 5198 4393 -1778 5274 4558 572 7014 6524 988 5551 5649
1097 5458 5032 1040 5169 4332 -276 5154 4302 -1899 5253 4510 1164 5258 4378 1111 5546 5682
1269 5459 5037 1117 5132 4258 -301 5109 4211 -2014 5230 4461 1119 5131 4256 1111 5546 5682
1444 5460 5040 1192 5093 4179 -326 5060 4115 -2126 5206 4409 1041 5169 4331 559 6828 6871
1620 5460 5041 1265 5050 4097 -349 5007 4015 -2126 5206 4409 960 5203 4404 -175 7038 6508
1796 5460 5040 1335 5004 4011 -371 4949 3909 -1731 6260 5656 874 5236 4473 -363 5139 4139
1972 5459 5037 1403 4956 3920 -393 4888 3799 592 7301 7018 786 5266 4540 -350 5004 4010
2151 5457 5031 1403 4956 3920 -414 4821 3680 2023 5662 5261 692 5295 4605 -326 5059 4113
2324 5455 5025 1125 6250 5492 -433 4751 3560 1972 5459 5037 597 5321 4666 -302 5108 4209
2490 5453 5016 -538 7263 7055 -433 4751 3560 1804 5460 5039 502 5344 4721 -277 5152 4298
2659 5449 5006 -1830 5739 5574 -421 5236 4134 1630 5460 5041 399 5366 4777 -251 5195 4386
2659 5449 5006 -1779 5536 5344 52 7517 7262 1450 5460 5040 289 5387 4831 -222 5236 4474
1980 6496 6175 -1593 5532 5321 631 5957 5959 1274 5459 5037 177 5406 4882 -193 5273 4556
-639 7212 6836 -1417 5527 5296 690 5556 5543 1103 5458 5032 62 5423 4929 -162 5307 4633
-1707 5474 4794 -1241 5521 5269 604 5555 5503 927 5456 5026 -61 5439 4976 -130 5339 4710
-1659 5293 4601 -1074 5515 5240 525 5552 5461 755 5453 5017 -188 5454 5020 -95 5369 4783
-1534 5311 4643 -914 5508 5209 453 5547 5417 585 5449 5006 -319 5467 5061 -60 5395 4852
-1401 5328 4684 -755 5499 5175 384 5540 5370 412 5445 4994 -460 5479 5102 -20 5420 4921
-1270 5344 4721 -608 5490 5140 322 5532 5322 247 5440 4979 -601 5489 5139 19 5442 4985
-1135 5358 4756 -467 5479 5104 264 5522 5273 85 5435 4963 -748 5499 5173 62 5462 5046
-993 5371 4789 -327 5467 5064 208 5510 5219 -80 5428 4944 -904 5507 5207 108 5480 5107
-850 5383 4820 -195 5454 5022 157 5496 5165 -239 5421 4924 -1065 5515 5238 156 5496 5164
-706 5394 4849 -70 5440 4979 109 5481 5109 -392 5413 4902 -1229 5521 5267 206 5510 5218